[ 4.35821992e+00  3.98069970e+00 -3.07601209e+00  3.95439449e+00
 -1.85522412e+00 -2.02482436e+00 -3.90928419e+00 -4.76212703e-01
 -2.24585830e+00 -2.68946674e+00 -1.12527657e+00 -6.16186573e-01
 -5.30190218e+00  2.28225452e-01  3.22237273e+00 -1.43204891e+00
  5.07576302e-01 -2.40749215e+00  2.54504655e+00 -2.52995488e+00
 -6.81963188e-01  1.26711078e+00  4.89059975e-01 -1.29810302e+00
 -6.05605738e-01  4.02864725e-02 -2.52226222e+00  3.72830054e-01
 -2.47144304e-01  1.58768606e+00  1.21040141e+00  1.36336986e+00
  9.48287687e-02  3.69929909e-01 -1.48386901e+00 -2.06626480e+00
 -2.10099126e+00 -1.80685388e+00 -2.83232072e-01  3.13674119e+00
 -1.17451528e-01  1.08583283e+00  2.29178053e+00  1.29708441e+00
  7.38240386e-01  1.19381241e+00  1.03942271e+00  1.98239144e+00
  8.93971432e-01  2.68840241e+00 -1.60371456e+00 -2.67650392e-01
  2.67179225e+00  7.07176555e-01  1.11242339e+00 -1.72526025e+00
  1.51236696e+00 -9.61834022e-01 -3.31158934e+00  1.46913406e+00
 -1.45277806e+00  1.82031511e+00  1.51076913e+00 -7.96071113e-01
  1.52587150e+00 -1.68096067e+00 -1.18890194e+00 -1.64952539e+00
  3.67590009e+00  3.62814007e+00  6.66137294e-01  2.48224862e+00
 -3.26786918e-01  2.12215839e-01  9.47080814e-02 -4.09227208e+00
  2.97660227e+00 -7.92378480e-01  3.42354154e+00 -1.00042586e+00
  3.12774869e+00  1.15846402e+00  5.90328550e-02 -2.89866192e-01
  7.69559831e-01  1.45297705e+00 -5.60586890e+00 -1.87083872e+00
 -2.68317935e+00  3.18828235e-01  1.58644792e+00  3.05065826e-01
 -1.70202760e+00  4.30102838e+00  1.11242074e+00  1.77468713e-01
  1.67710917e+00 -1.65578676e+00  6.70237020e-01 -6.26391885e-01
 -1.46315525e+00  1.63340528e+00  2.31342794e+00 -2.78569034e+00
  2.10790252e+00 -3.02691957e+00  5.12264062e-01 -5.28994387e-01
 -1.15236283e+00 -1.21035871e+00 -2.44631818e+00 -2.79860430e+00
  1.28621769e+00  2.33151211e+00  2.62829973e+00 -1.91293254e+00
 -4.26891783e+00  2.56132066e+00  2.49179585e+00 -5.13391652e-01
  1.92877179e-01 -3.69739169e+00  5.79419538e-01  4.94054644e-01
  1.00183226e+00  6.29697109e-01  2.12141322e+00 -2.33236093e+00
 -1.19327572e+00 -2.01502197e+00 -6.73159129e-01  2.13687634e+00
 -1.65483876e+00 -2.66072766e+00  2.67863085e+00 -1.58328614e+00
 -1.58830028e+00  9.01998989e-01 -2.65580884e+00  8.80878956e-01
  5.94876643e+00 -2.33363858e+00 -1.11058040e+00  5.72359834e-01
 -2.86121977e+00 -7.44739591e-01  9.18092982e-01  2.06034579e+00
 -1.19492604e+00  1.50693108e+00 -1.65299014e+00  9.27559341e-01
  5.16065946e-01 -2.85793888e-01 -4.99789572e-01 -1.83413146e+00
  4.04507756e-01  2.14275145e+00  3.75649882e+00 -8.95053171e-01
 -2.61493912e+00 -1.43618011e+00  1.46093093e+00  6.66235014e-01
 -3.66109968e-01  6.77112245e-01 -1.29753984e+00  2.38227417e+00
  1.71100256e+00 -3.14510969e+00 -5.38006343e-01  1.06184182e+00
 -1.36791643e+00 -4.28177457e+00  1.42861523e+00  2.63160969e+00
 -3.20593855e+00 -1.42362025e-01  1.58932868e+00 -3.99539766e-01
  2.83018890e+00 -1.04496543e+00  1.63297763e+00 -2.66384188e+00
 -4.24339773e+00 -3.57515024e+00 -2.77438231e+00  1.46489156e+00
 -2.23660771e+00 -3.20300251e+00 -9.17509465e-01 -1.50766595e+00
 -2.05260087e-01  2.83499305e+00  3.69831063e-01 -4.24089986e+00
  2.89008654e+00  4.74852961e+00  8.66824302e-01  3.28842353e+00
  4.32019630e+00 -5.47454343e-01  1.02020046e+00 -2.79053912e-01
  4.24293894e-02 -2.65211656e-01 -3.72519701e-03  9.51397300e-01
 -1.31574607e+00  2.74192452e+00  5.84190483e-01 -3.08104310e+00
  2.68621126e-01  1.29378993e+00 -3.31146913e-01 -3.40993088e-01
 -3.72313535e+00 -8.65661282e-01  1.90779633e+00 -4.66930428e+00
  6.27647358e-01 -1.10098442e-01  1.04635265e+00 -2.53558035e+00
 -3.70162153e-01  9.35008747e-01  6.70097238e-02 -1.12340475e+00
  8.08200916e-01  9.00311856e-02  1.19437856e+00 -1.73735611e+00
 -4.42211379e+00  6.00210733e-01 -1.23970156e+00  1.14657998e+00
  3.77943300e+00  3.33214174e-01 -9.68096398e-01  6.58262880e-02
 -3.11070867e+00  2.35339903e+00 -7.04895583e-01 -1.90074538e-01
 -1.91776937e+00 -5.58926988e-01  1.84948110e+00 -1.34180280e+00
 -9.92614745e-01  1.29846243e+00 -7.66246393e-01  2.76690178e+00
  1.39543483e+00  1.18655322e+00  3.54709888e+00 -2.17255029e+00
  3.09179988e+00  3.98874484e+00  3.43594234e+00 -8.06102168e-01
 -3.57296219e+00  1.66444238e+00 -1.23006968e+00  2.02330722e+00
 -1.81795304e+00  2.78859938e+00  3.26248291e-01 -3.06821874e+00
 -2.13832867e-01 -9.64630437e-01 -1.01146757e+00 -1.02100597e+00
 -2.22150419e+00  2.43678779e+00  2.85352557e+00  2.04803411e-03
 -2.13854425e-02  2.30398761e+00  1.32413397e+00  3.54821816e+00
  3.35036796e+00  1.33842125e+00  2.38723328e+00  9.39377438e-01
 -1.25214554e+00  2.47234809e-01  4.72813050e-01 -1.82402992e+00
  3.99945250e-02 -1.86385489e+00 -1.19866671e+00  1.02178816e+00
  7.07923301e-01  6.93041414e-01  1.92286173e-01  2.96023405e-02
  1.69949161e+00 -1.64266312e+00 -4.24514299e+00  1.69149016e+00
  3.84960856e+00]