[-4.75294653e-05 -1.79987315e-04 -2.24700254e-04 -1.55525245e-04
  1.44370763e-05 -4.22462952e-05  1.42884113e-04  9.02731809e-05
  8.31538404e-05  1.99072565e-05  2.48548341e-04  5.82331948e-05
 -1.01494345e-04  3.40230716e-05 -6.89512084e-05 -4.39778971e-05
  3.12815664e-04 -2.13743800e-04 -7.25259239e-05 -1.37739554e-04
 -1.19144172e-04 -1.61033565e-05 -3.24992579e-04  1.05217510e-04
 -1.83450167e-04 -1.79422411e-04 -2.08330861e-04  1.17445319e-04
 -4.02120980e-05  2.13237899e-04  2.67810819e-04  1.62536845e-04
 -1.99567416e-04 -4.51094133e-05  3.45181798e-05 -6.34771452e-05
 -1.31901883e-04 -1.20580895e-04  6.47313225e-05  2.99551000e-04
 -2.32099062e-04  1.74503783e-04  5.27920151e-05  5.73245374e-05
  4.68589775e-05 -1.77804921e-04  1.59731599e-04 -7.38777330e-05
 -6.73938847e-06  2.69241874e-04 -1.69219033e-04  1.74401420e-04
  1.35413622e-04 -3.23288551e-04  4.82675234e-05 -1.57123391e-04
 -2.57951639e-06 -1.28656193e-04  1.21254092e-04  3.28684082e-05
  6.18547455e-05  5.95614374e-05  2.36263591e-04 -4.26521510e-06
  2.17669093e-04  5.38124245e-05 -2.40670074e-04 -1.79401663e-04
  2.55837420e-04  2.94495611e-04  5.74874519e-05  1.65948575e-04
 -3.35620471e-04 -1.89097375e-04 -3.97001636e-04  3.84913912e-06
 -1.30710915e-04  3.51784479e-04 -3.45967405e-05  1.40335380e-04
  6.28640599e-05  1.21087375e-04  1.73740369e-04 -7.72733763e-05
 -3.12373625e-05  1.86839995e-04 -3.69813725e-04 -6.15452147e-05
 -2.22842780e-05 -1.25574643e-04  1.57157891e-04  6.77806117e-06
 -1.37368090e-04  1.32820213e-05 -3.31901838e-05 -1.10772786e-04
 -7.73980600e-05 -2.34886658e-04  1.56084982e-05 -5.25323975e-05
  3.00984254e-04  1.33822190e-04  1.58503296e-04  9.16298340e-05
 -3.14654315e-04  4.33051600e-04  1.60729463e-04 -1.02963317e-04
 -2.44385181e-05 -1.66715286e-04 -3.76136780e-05  5.84780436e-05
  5.25269494e-05 -1.13898525e-04  1.85568925e-04  2.76879636e-04
 -1.28938155e-04  1.58991566e-06 -1.20261162e-05  3.18514407e-06
  1.32279204e-05 -3.60772718e-04 -2.92620152e-04  6.21981142e-05
 -3.65969556e-04 -1.16855947e-04  1.77870737e-04 -1.73882013e-04
  1.99029302e-04  5.72799725e-05  2.24469628e-05 -1.37555596e-04
  2.90000392e-04 -5.02258489e-05  2.09585550e-04  1.47381176e-04
 -1.67952675e-04  1.10907761e-04  1.25948396e-04 -3.44826880e-04
 -2.56435181e-04 -1.11452388e-04  1.38743093e-04 -3.44169195e-06
 -9.30871651e-05 -6.03623539e-05  1.47484065e-06  4.49374787e-05
  4.05636329e-05 -1.29460672e-06 -5.55887846e-05  2.04632199e-05
  4.09629357e-04  3.65584311e-04 -1.23775994e-04  1.73742057e-04
  2.34054118e-04 -7.10004516e-05 -3.55825270e-04 -1.27087343e-04
 -3.94034331e-05 -4.13298082e-04 -6.86512681e-05 -1.17818912e-05
 -2.54140200e-05  1.42183640e-05 -1.56108304e-04  2.31801685e-04
  3.63605260e-05 -1.55112237e-05 -2.09441843e-05  2.62734335e-05
  9.45390000e-05 -1.86651374e-04  1.48002080e-04  1.44937803e-05
 -2.99177990e-04  1.13585844e-04 -1.02828829e-04 -8.02604025e-05
  3.51514630e-04  3.31622413e-06  1.57174744e-04 -9.07949160e-05
 -1.30400323e-04 -2.27566587e-05  4.13238867e-05 -8.18997429e-05
  2.49757869e-05  1.80950010e-04 -4.12283466e-05 -2.27162885e-04
 -5.74328192e-05  6.15550507e-05  6.95467206e-05 -1.40867584e-04
 -2.16518584e-04  9.96594419e-05 -2.16991141e-06  5.45446566e-04
  2.45335666e-05  1.14235117e-04 -2.19985999e-05 -8.46190293e-05
  1.14547853e-04  6.32599403e-05 -3.51190255e-05 -1.01099280e-04
  1.06047453e-04 -2.54463938e-05 -2.72857711e-05 -7.25275632e-05
 -1.94833145e-04  3.00312353e-05 -8.45667909e-06  1.31078788e-04
 -3.67332888e-04  2.01712365e-04 -2.63096655e-05 -1.75558380e-05
 -2.38544520e-04 -2.17817632e-04  1.71952232e-04 -6.34296934e-05
 -2.17464444e-04  4.01237293e-05 -1.42150125e-04 -3.37299288e-05
  1.56668722e-04  2.86406759e-04  8.14256351e-05 -1.10230935e-04
 -2.70280738e-04  2.05099268e-04  4.71346318e-05  1.87173170e-04
  8.36184250e-06  4.08028114e-04 -1.57945753e-04  5.33226705e-05
 -1.62864723e-04  1.04927362e-04  4.68231444e-05  1.20757662e-04
 -2.47783452e-04  1.16780363e-04 -9.97790056e-05  7.24608070e-05
  3.91893836e-04 -1.62975390e-05  1.27735607e-04 -3.31027320e-04
 -2.83927823e-04 -3.10310471e-05  1.79771573e-04 -4.44894334e-04
  1.18588489e-04 -4.01586252e-05  3.24412752e-04  1.10584398e-04
 -6.23284031e-05  7.01251829e-05  2.52340066e-04  1.24380686e-04
 -6.09444490e-05  1.16240812e-04  1.63699829e-05  6.89813452e-05
 -3.49373264e-04  1.28279349e-04 -1.40861271e-04  2.82419416e-04
 -6.22324583e-05 -1.38196074e-04 -6.91797045e-06 -1.14565605e-04
  3.37462318e-04 -2.01844593e-04 -1.06221515e-04  2.93466120e-04
  2.71178893e-04 -1.14970340e-04  1.68766584e-04  6.90022928e-05
  1.05669402e-04  1.57790305e-05  1.66935122e-04  2.14831116e-04
  6.08335720e-05 -1.64765834e-04  2.91193397e-04 -1.24832465e-04
  7.64148552e-05 -1.99571573e-04 -8.26386470e-05  7.73691693e-07
 -2.19629821e-05  5.94806092e-05 -4.34939202e-04  3.09944041e-04
  3.69518769e-05]