[ 4.45924136e-01  4.89525404e-01 -3.01977566e-01  2.87435334e-01
 -1.70670533e-01 -4.31933689e-02 -4.42148937e-01 -7.25781659e-02
 -1.28061360e-02 -2.51657410e-01 -7.37032957e-02 -1.32035393e-01
 -6.14118417e-01  9.44637977e-02  3.66567538e-01 -1.41883954e-01
 -2.89613042e-02 -3.22555754e-01  1.50030245e-01 -2.48921941e-01
  4.27142847e-03  1.16975531e-01 -2.94070921e-02 -1.00720927e-01
 -6.53179963e-02 -3.92157953e-02 -4.17739059e-01  5.57038016e-02
 -1.13044762e-01  1.01190328e-01  1.05335271e-01  1.72843805e-01
  6.25232605e-03  1.47164889e-01 -2.27747050e-01 -1.52961086e-01
 -2.17551879e-01 -2.59064429e-02  4.41670205e-02  3.69375744e-01
 -1.70203371e-01  2.01539223e-02  2.62452452e-01  6.63644487e-02
 -5.07215524e-03  8.89699055e-02  8.96457325e-02  1.16030634e-01
  9.06708307e-02  1.21447568e-01 -8.98616823e-02 -7.86187045e-03
  3.60424919e-01  1.21164057e-01 -1.17494210e-02 -2.37525640e-01
  1.38463351e-01 -2.04862574e-01 -4.29805112e-01  1.15332762e-01
 -2.69024428e-01  1.60068925e-01 -2.16837182e-03 -2.95489762e-02
  1.01368619e-01 -1.03414551e-01 -2.04061845e-01 -2.29122697e-01
  2.30686869e-01  4.53832603e-01 -3.76013690e-02  1.95803450e-01
  2.25014317e-02 -3.14240915e-02 -4.21785237e-02 -3.43812382e-01
  2.80870719e-01 -7.11785627e-02  2.83261494e-01 -6.04274340e-02
  2.63455050e-01  7.56706893e-02  4.95299230e-02 -6.57165820e-02
  6.76717272e-02  9.89561672e-02 -5.96425977e-01 -1.88144639e-01
 -1.71445170e-01  1.82698155e-02  1.92047879e-01 -9.81853244e-02
 -2.49974164e-01  4.67311193e-01  3.26732690e-02 -8.21702006e-02
  1.41615706e-01 -2.24609176e-01  1.92209045e-01 -8.85468163e-02
 -1.47955760e-01  1.43122504e-01  3.79492574e-01 -2.14061626e-01
  4.50282585e-02 -2.28476803e-01  1.46301196e-01 -1.40732450e-01
 -2.75093463e-02 -1.62590761e-01 -2.82548186e-01 -2.52398499e-01
  1.10720573e-01  2.11932009e-01  3.13803030e-01 -6.36002900e-02
 -5.30629410e-01  2.54152422e-01  3.79014801e-01 -8.42115911e-02
 -3.57394783e-02 -3.72550691e-01  1.25028479e-02  1.28268872e-01
  7.31092932e-02  1.90885913e-01  2.18584695e-01 -2.23225430e-01
 -1.66140057e-02 -2.70767068e-01 -1.00112694e-01  2.67279468e-01
 -1.04109314e-01 -1.75978231e-01  3.58665719e-01 -5.85250029e-02
 -1.53202444e-01  1.98318178e-02 -3.16822828e-01  4.99829814e-03
  7.50217080e-01 -8.47025934e-02 -2.03618153e-01  1.25638832e-01
 -2.36236978e-01 -2.16724250e-01  1.04762308e-01  6.12131839e-02
 -1.80935706e-03  2.83728876e-01 -2.15568640e-01  1.66787644e-01
  1.01775579e-01 -9.18302991e-02  8.06429855e-02 -3.17634489e-02
  2.10815058e-01  1.65824999e-01  2.58561461e-01 -7.60753743e-02
 -4.39287622e-01 -1.51565779e-01  1.42407718e-01  8.15286468e-02
 -1.30654563e-01  8.21624325e-02 -1.72667449e-01  2.63646613e-01
  9.10289937e-02 -4.31950878e-01 -1.13124586e-01  1.27516950e-01
 -1.38743417e-01 -5.96210823e-01 -1.45107222e-02  1.58072987e-01
 -3.24484353e-01  1.35073428e-01  1.85496424e-01 -8.18421210e-03
  3.60526214e-01 -1.08365165e-01  2.17854787e-01 -2.96462412e-01
 -4.45976804e-01 -3.62072609e-01 -2.42981937e-01 -1.05210980e-02
 -2.99952717e-01 -4.12800047e-01 -1.33248898e-01 -2.28019654e-01
 -7.17095461e-02  2.14245300e-01 -3.19986531e-02 -3.32156913e-01
  3.19846253e-01  6.21466144e-01  1.06402632e-01  4.25618504e-01
  2.81382573e-01 -6.28991718e-02  5.38512079e-02 -1.40662309e-02
  1.68556805e-02 -1.19850078e-01  4.25090186e-02  2.46746496e-02
 -6.07808611e-02  1.24084459e-01  1.47910728e-02 -2.93556345e-01
  5.41404085e-02  4.16954171e-02 -1.02417981e-01 -1.87882687e-01
 -2.80323610e-01 -2.14635081e-02  1.30598813e-01 -3.31552227e-01
 -3.50454990e-02 -1.75207620e-01  5.47951442e-02 -3.09866622e-01
 -1.37606186e-01  3.36393391e-02  2.86072722e-02 -6.88794255e-02
  1.72169843e-01 -7.33631654e-02  1.40770671e-01 -1.86927311e-01
 -5.59102323e-01  3.42827327e-02 -2.24596854e-01  1.69902627e-01
  5.10171978e-01  4.41855382e-02 -5.32159121e-02  2.00912381e-02
 -3.11370207e-01  2.79023359e-01 -7.87035855e-02 -3.10352737e-04
 -3.10927624e-01  2.02392757e-02  1.68026936e-01 -1.61664527e-01
 -1.41574045e-01  1.10416255e-01 -2.31506793e-02  3.04762057e-01
  9.02166726e-02  5.39437514e-02  3.99778699e-01 -1.88511990e-01
  3.54822347e-01  5.10157931e-01  3.26562014e-01  8.06585116e-02
 -3.59146782e-01  1.91161855e-01 -5.56257135e-02  2.60557708e-01
 -2.41903119e-01  1.85266717e-01 -2.45761568e-03 -3.51435530e-01
 -1.62313235e-01 -2.01942106e-01 -1.03706967e-01 -1.72457864e-01
 -3.10295357e-01  1.96526032e-01  2.88127141e-01  1.12363565e-01
  7.91625595e-02  2.54141766e-01 -2.11594199e-02  3.86719458e-01
  3.11767886e-01  2.26093116e-01  2.97138952e-01  3.35770088e-02
 -2.42757017e-01  8.63632407e-02 -4.35213614e-02 -1.90746550e-01
  6.27639552e-03 -1.47258340e-01 -1.96911352e-01  5.93225479e-02
 -6.54258252e-02  1.19367166e-01 -6.98550673e-02 -3.90616596e-02
  1.47863363e-01 -1.09126480e-01 -3.76547179e-01  1.26104597e-01
  3.94730541e-01]