[ 6.68090412e-05 -1.21448526e-04 -2.09015562e-04 -1.46254854e-04
  1.02110547e-04  1.48618269e-05  9.44409709e-05  1.18876306e-04
 -5.81722051e-05 -1.94814973e-04  3.36045653e-04 -4.47030878e-05
 -2.96593716e-04 -8.84433594e-05 -5.53458331e-05  2.52852727e-06
  2.69447234e-04 -1.71305326e-04 -2.00835416e-04 -9.73425675e-05
 -1.50794340e-04  7.30778925e-05 -4.22672525e-04  1.62692831e-04
 -3.71730954e-05 -1.57786414e-04 -1.31815206e-06  3.18332748e-04
 -2.01983387e-04  9.66914451e-05  2.84602129e-04  1.68409365e-04
 -2.21516622e-04  1.26494190e-04 -9.56327633e-06 -3.85212263e-05
 -2.87913068e-05 -1.37648203e-04  1.20505692e-04  3.03099588e-04
 -2.20908174e-04  1.99693753e-04  7.24086193e-06  2.23126888e-04
 -1.90607564e-04 -2.34492384e-05  2.14671049e-04 -4.89782266e-05
 -4.91325382e-05  2.82438882e-04 -1.46344140e-04  1.74939191e-04
  1.06107622e-04 -3.40839605e-04 -7.50601166e-05 -4.74419455e-05
 -3.92280662e-05 -3.53013550e-05  6.12955404e-05 -4.61354585e-05
  8.10956538e-05  8.38109076e-05 -7.61534520e-05 -7.63859292e-05
  3.09072940e-04  1.19595851e-04 -1.95275186e-04 -3.93089447e-04
  1.54918702e-04  2.94685173e-04  1.04424874e-04  1.36231500e-04
 -3.18784953e-04 -1.57926615e-04 -3.94123725e-04  1.14139606e-04
 -2.19225971e-04  2.69641715e-04 -1.25065711e-05  2.32038676e-04
 -8.95171426e-05  1.90100938e-04  1.06052217e-04  2.40899681e-05
 -2.76423806e-05  1.65504561e-04 -4.29018875e-04 -2.23545860e-04
  1.79488528e-04 -3.74818578e-05  1.35805194e-04 -2.70200231e-05
  2.81108778e-05 -1.04810468e-04 -4.47202454e-05 -6.01910936e-06
 -9.57692612e-05 -1.48217214e-04 -6.01040075e-05  6.13832307e-05
  3.72997936e-04  2.33809626e-04  8.06685853e-05  1.13887048e-04
 -3.02078019e-04  4.40714347e-04  2.08146532e-04 -2.00874652e-04
 -3.45145172e-05 -2.39658757e-04  8.05152587e-05  1.45429886e-04
  6.35448333e-07  2.13030976e-05  2.05539497e-04  2.11759116e-04
 -3.46113405e-04  1.02414860e-04 -4.08026803e-05 -1.04636439e-04
 -6.78194714e-05 -2.27939618e-04 -5.79629901e-05  1.13040092e-05
 -1.70095548e-04 -2.12690182e-04  1.89698554e-04 -2.19962523e-04
  5.97190230e-05 -1.40456106e-04 -1.79056654e-04 -9.51175073e-06
  1.75322947e-04 -7.50393892e-05  7.34007307e-06  1.94425373e-04
 -1.95407135e-04  8.84270162e-05  1.10320938e-04 -3.12758098e-04
 -8.02312929e-05 -4.84404352e-05  1.77126576e-04  6.89037307e-05
 -9.11079779e-05 -1.36133347e-04 -9.70975997e-05 -8.53015576e-05
  1.34711248e-04  1.52126814e-06 -4.30587120e-05  1.66672885e-04
  1.76577437e-04  2.54725837e-04 -1.31590141e-04  1.87927756e-04
  1.89165100e-04 -1.54621806e-05 -2.08515009e-04 -2.19357809e-04
 -1.60151998e-04 -2.98566483e-04 -6.74430231e-05  7.14634010e-05
 -1.13752944e-04 -8.25056170e-05 -2.75275582e-04  1.49170717e-04
 -7.69915646e-05 -1.36526111e-04  6.65627112e-05 -4.03902048e-05
  7.92460667e-05 -1.36196033e-04  3.70454845e-04  1.17962994e-04
 -1.61155067e-04  2.91961645e-04 -1.32152611e-04 -1.88660652e-04
  3.05860235e-04  5.24224968e-05  3.50339278e-04 -1.42338687e-04
 -9.72150062e-06 -3.57971974e-05 -6.93087558e-05 -2.30018070e-05
  1.53026415e-04  2.17339653e-04 -9.58043592e-05 -2.04090769e-04
 -9.95915888e-05  1.41702322e-04  2.10835376e-05 -3.04340031e-05
 -1.45261005e-04  8.07249064e-05 -4.92473907e-06  3.08370034e-04
  3.62642212e-06 -1.01937029e-04 -1.43113980e-04  5.43511495e-05
  1.90459687e-04  6.80169442e-05 -1.90454603e-05 -6.15783004e-06
 -2.97535836e-05 -5.88687997e-05  4.84221107e-05 -1.86293230e-04
 -1.10153213e-04  1.36410528e-04 -1.20606454e-05  1.11372113e-04
 -1.15467396e-04 -6.59382484e-05  8.65909035e-05  2.84394364e-05
 -1.73905194e-04 -1.55303605e-04  1.90708079e-04 -6.22020580e-05
 -1.55961988e-04  7.55108985e-05 -1.87297671e-04  1.58375160e-05
  1.21286307e-04  1.32151202e-04  1.41957063e-04 -1.64227559e-04
 -2.98751533e-04  1.46165443e-04  1.04472604e-04  1.68005683e-04
  6.35807404e-05  2.44164098e-04 -5.43456202e-05  5.72337994e-06
 -3.36335428e-04  1.38875449e-04  2.17582164e-05  2.07632748e-04
 -7.93011903e-05  2.06235876e-04 -3.69504383e-05  6.01026633e-07
  2.83275937e-04  1.23863506e-04  2.46262184e-04 -2.65737107e-04
 -2.62732612e-04 -8.45349502e-05  1.59740772e-04 -3.94189150e-04
  1.34803328e-04 -4.39630353e-05  1.40884140e-04  1.29831898e-04
 -2.02661991e-04  4.90294058e-05  3.14164726e-04  2.01503595e-04
  6.35241607e-06  9.81022725e-05  1.40628324e-04  1.86981200e-04
 -3.37722236e-04  1.02031418e-04 -1.39794668e-04  1.66192077e-04
 -9.98604498e-05 -1.00073588e-04  6.37944367e-05 -3.94174709e-06
  1.89933552e-04 -1.23074710e-04 -9.40576551e-05  2.72331369e-04
  1.91791910e-04 -8.89877190e-05  1.88305765e-04  7.83647187e-05
  1.69271610e-04 -1.64960889e-05  2.29526828e-04  3.66644198e-04
  8.64161790e-05 -2.15491792e-04  3.44080384e-04 -1.77956266e-04
 -6.73805770e-06 -8.38293990e-05 -1.34803197e-04 -1.58138462e-04
  5.55296504e-05 -8.50994348e-05 -3.64368593e-04  2.57673713e-04
  2.57454726e-05]