[ 1.07755459e-02  6.12833977e-03 -3.71510800e-03  2.60136061e-03
 -6.31729494e-03  1.44925727e-03 -5.96136404e-03  2.81537981e-03
 -6.26629495e-04 -7.61107340e-03  1.52555841e-03 -3.79770946e-03
 -8.61351778e-03 -7.42408936e-03  4.00274627e-03 -4.64465546e-03
  2.23786447e-03 -4.83107029e-03 -3.35929644e-03 -1.04188207e-02
  2.84564434e-03 -7.10137944e-04 -6.32118044e-03 -6.54952576e-03
 -2.00695517e-03 -2.82533911e-03 -2.20705292e-03  1.12647352e-02
 -6.12825453e-03  4.74802952e-03  3.35871831e-03  4.26066818e-03
 -4.00484176e-03  3.92246398e-03  3.53574617e-03 -2.18975822e-03
 -4.22582378e-03 -5.01759976e-03  2.60819451e-03  1.22234867e-02
 -3.74083496e-03  5.39896180e-03  4.18551766e-03  5.25637318e-03
 -3.27298870e-03  2.24784061e-04 -9.08441798e-05  4.58668152e-03
 -6.54428144e-03  9.91317879e-03 -8.75111901e-04  6.09467292e-03
  3.64156211e-03 -5.96590583e-04 -1.72313116e-03 -3.06886495e-03
  1.68759627e-03 -3.45629979e-03 -4.27357240e-03  1.74703158e-03
 -2.46426731e-03  3.84596480e-03 -2.18188994e-04  2.94517149e-03
  1.24201987e-03 -1.01256683e-03 -9.16038671e-03 -5.48791142e-03
  6.40648838e-03  6.34023355e-03  2.19379243e-03  4.77627379e-03
 -1.24262723e-02 -2.37084092e-03 -8.58066469e-03 -8.46361461e-04
  1.56497820e-03  2.00581902e-03  3.49449010e-03  7.44120107e-03
  7.67462263e-03  6.43615078e-03  3.89573827e-03 -6.68549784e-03
  1.07203782e-03  6.44218923e-03 -6.91653868e-03 -4.21758768e-03
 -7.03603679e-04  4.54413313e-03  2.88527703e-03 -5.79781688e-03
 -3.83144713e-03  6.60881708e-03 -1.44493554e-03 -3.20044430e-04
  3.33010556e-03 -6.60078937e-03 -5.37748846e-03  4.80464188e-04
  7.10903858e-04  9.97725785e-03  3.81296125e-03 -2.79895449e-03
 -6.42392582e-03  5.37722124e-03  7.14928850e-03 -3.09367167e-03
 -4.09301895e-03 -6.65157836e-04 -6.78469686e-03  3.91225731e-03
  4.43317310e-03  1.49465361e-03  7.99526830e-03  2.21060650e-03
 -5.92954964e-03  6.95644593e-03  4.97124682e-03 -3.99714218e-03
  2.01940142e-03  3.46535640e-04 -3.88085493e-04 -2.06041085e-03
 -8.11616611e-03 -3.96955402e-03  1.63528395e-03 -5.69171446e-03
 -7.84146546e-03 -1.68441674e-03 -1.83106630e-03  2.64764485e-03
  2.02451847e-03  2.45731977e-03  1.35079997e-03  7.50456264e-03
 -6.64540258e-03  3.31101148e-03 -3.80709455e-03 -3.70201429e-03
  1.05131678e-02  1.84483995e-03  2.04461913e-03 -5.62248977e-03
 -3.06684832e-03 -4.58420886e-03  2.54822303e-03 -3.48950705e-03
  2.70303721e-03 -6.70658944e-04 -5.31999077e-03  2.57860173e-03
  4.44626284e-03  1.17149862e-03  1.67541166e-03  9.17006874e-03
  4.55074881e-03  3.71315024e-03  5.89905825e-03 -1.48342000e-04
 -1.16037819e-02 -1.65844842e-03  2.76094118e-03  3.17135739e-03
 -7.87412400e-04  5.50074552e-03 -5.06821106e-03  7.79542491e-04
 -3.26694153e-03 -5.44486687e-03 -2.67534237e-03 -2.48491140e-03
 -1.86557515e-03 -5.32429353e-03  7.42364065e-03  3.29985826e-03
 -8.04289167e-03  8.66630896e-03 -9.23996313e-04 -5.98793507e-03
  9.41766877e-03  1.62545623e-03  8.31632229e-03 -9.83984879e-03
 -8.31378555e-03 -7.87440725e-03 -2.83276431e-03  1.52491552e-03
  6.29590375e-04 -5.74080752e-03 -3.25484958e-03 -5.73417425e-03
  4.54667564e-03  7.54953757e-03 -2.25097622e-03 -4.14136285e-04
  2.06775773e-03  1.08520617e-02 -5.76774674e-04  4.76456460e-03
  4.83071766e-03 -2.00312238e-03 -2.03473150e-03  9.56605220e-03
 -6.64051382e-05  3.07393343e-03 -1.83222402e-03 -6.36173671e-03
 -4.46504531e-04  2.57341903e-03  6.63249469e-04 -9.56285422e-03
 -6.92631922e-03  9.23130525e-05 -3.21906036e-03 -3.10447703e-03
 -6.43504914e-03 -2.12738092e-03 -2.29286545e-03 -5.26185987e-03
 -2.62055540e-04 -1.02739060e-02  3.92390913e-03 -4.46549981e-03
 -4.51919620e-03  4.74997065e-03 -1.72865531e-03 -3.75039049e-03
  2.33428278e-03  5.31319642e-03  3.78705826e-03  5.94278606e-04
 -9.05870326e-03  1.05789102e-02 -1.38978152e-03  3.48509048e-04
  7.65101398e-03  6.91171824e-03  4.75834927e-03  1.70618691e-03
 -1.00927418e-02  5.69587191e-03 -4.41016755e-03  8.31964974e-03
 -3.70860576e-03  2.66433864e-03  3.91029780e-03 -1.98276018e-03
  6.12095274e-03  3.47839256e-03  7.22290081e-03  9.31870784e-04
 -6.98150451e-04  4.61240976e-04 -9.80197754e-04 -9.70435413e-03
  9.42526562e-03  8.91496827e-03  1.05622461e-02  1.18421368e-03
 -6.95770591e-03 -7.64612045e-03  1.00865297e-02  6.56354027e-03
 -6.42674024e-03 -4.49851147e-04 -3.27762800e-03  1.31769378e-03
 -5.68715808e-03  3.46461364e-03 -9.90042318e-04  1.49562157e-03
 -7.11531611e-03  8.39774239e-04  5.59324648e-03  1.15332392e-03
  3.13254109e-03  3.14055288e-03 -6.34337894e-03  5.48269589e-03
  3.18343858e-03 -1.87769040e-03  8.88743499e-03  3.11249693e-03
  2.82723446e-04 -8.92824892e-04  4.54511765e-04  4.25266316e-03
  1.11944552e-02 -6.53273706e-03  1.26720854e-03 -5.52083874e-03
  7.49814868e-03  7.84492743e-03  2.53018905e-05 -5.36820080e-03
 -2.77118851e-03 -1.95601266e-03 -1.12832498e-02  5.71836818e-03
  7.57955512e-04]