[ 1.48845116e+00  2.45460279e+00 -1.37475473e+00  5.41839834e-01
 -6.73193193e-01 -6.37247834e-01 -2.30905621e+00 -1.54833167e+00
 -7.63503605e-01 -7.48408994e-01 -3.87371884e-01 -1.64254201e+00
 -2.78443709e+00 -4.72069155e-01  1.19643952e+00 -6.12605187e-01
  1.84056596e+00 -4.82037967e-01  1.95409586e+00 -6.75217879e-02
 -1.08721645e-01  1.23150167e+00 -2.60204033e-01 -2.22132659e-01
  3.53563068e-04  5.09334739e-03 -1.68169166e+00  5.83312113e-01
 -7.90285130e-01  1.37654129e+00  3.92613194e-01  5.53100448e-01
  2.86372541e-01 -1.18787610e+00  6.86332751e-01 -1.11392687e-01
 -4.57662554e-01 -9.32961422e-01  1.09520012e-01  1.24106027e+00
  3.84399888e-01  1.22444559e+00  1.08381409e+00  9.04938941e-01
  5.95330243e-01  1.57682153e-01  3.40600924e-01 -6.28351649e-03
  7.20182213e-01  1.45710101e+00  7.12724266e-01  7.63296135e-01
  1.37022885e+00  2.59399127e-01 -5.56816231e-01  2.94106058e-01
  5.76661550e-02 -3.71606760e-01 -1.19583174e+00  3.83915538e-01
 -1.73276827e+00  3.49017864e-01  3.74571022e-01 -2.19942216e-01
  8.21677105e-01  3.99605001e-01 -1.59392289e+00 -1.23438841e+00
  2.21550322e-01  2.45767181e+00  4.16750301e-01  1.18886127e+00
 -1.34047816e+00 -5.42979357e-01 -1.28858235e+00 -8.93348205e-01
  1.02446027e+00  8.43264241e-01  7.25805482e-01  1.08168345e-01
  1.32408720e+00  2.49284910e+00  5.29264376e-01 -1.05694559e-01
 -9.33111187e-02  1.76404762e+00 -1.87308928e+00 -3.39343745e-01
 -4.07572241e-01  5.96524134e-01  4.18939002e-01  2.29147427e-01
 -7.16675629e-01  2.09680536e+00  8.10291141e-01 -7.29492151e-01
  9.53240457e-01 -3.32833260e-01  1.10556541e+00 -3.27998750e-01
 -1.80220700e-01  1.45409629e+00  9.02151925e-01 -2.04120427e+00
 -1.11959679e-01 -4.04643416e-01  1.55510549e+00 -5.91210379e-01
  1.07250474e-01 -1.14700767e+00 -2.13739259e+00 -1.48834861e+00
  9.25643516e-01  1.18928774e+00  5.20596536e-01  1.87147432e-01
 -2.05409701e+00  1.14304520e+00  1.36651205e+00  5.17456722e-01
 -1.59864145e-01 -1.25850433e+00  7.29978546e-01  6.69135749e-02
  8.44077047e-01  1.52879141e-01  4.25057994e-01 -1.28350861e+00
 -6.16769755e-01 -1.63508893e+00 -1.05952977e+00  6.41062023e-01
 -5.05736228e-01 -1.53590259e+00  1.93358529e+00 -5.00928694e-01
 -1.64337285e+00  6.80987158e-02 -2.03032502e+00 -5.19081238e-01
  3.48235114e+00 -1.67521754e-01 -6.20321638e-01 -1.18625166e+00
 -1.77614101e+00 -6.00563526e-01  5.63956141e-02  2.34215154e-01
 -3.35484038e-01  1.62657523e+00 -1.15542409e+00 -1.22564380e-01
  1.71754161e+00 -9.11436650e-01  8.98246230e-02 -2.43076922e-01
 -2.13532075e-01  1.50671927e+00  1.21823356e+00  2.24743967e-01
 -1.31074903e+00  2.46572972e-01 -1.40421219e-01  4.56823188e-01
  8.56017082e-01  7.90837963e-01 -3.99972042e-01  2.28181143e+00
 -4.60937667e-01 -1.83528696e+00 -8.96211766e-01  1.39585807e+00
  3.71175774e-01 -3.14073945e+00  1.22656660e+00  1.48543188e+00
 -2.30772929e+00  1.21038647e+00  8.76181182e-01 -7.61819319e-01
  1.53395066e+00 -8.85842887e-01  1.63066075e+00 -1.90137971e+00
 -9.24288571e-01 -1.37019013e+00  1.93586351e-01 -2.42415923e-01
 -5.69818447e-01 -1.81323879e+00 -5.47943258e-01 -1.01313278e+00
 -1.54136408e-01  1.06431064e+00  3.34455793e-01 -2.38536741e-01
  8.66152270e-01  3.37574602e+00  1.32226407e+00  2.01526889e+00
  1.93797122e+00 -2.06513904e-01 -9.70013983e-03 -9.28541487e-01
 -2.19149927e-01  2.63466781e-01  6.56194301e-01  2.44401650e-01
 -4.30741280e-01  1.60162642e+00 -3.09467094e-01 -9.70913295e-01
 -4.12156741e-01  1.02693898e+00 -3.69861459e-02  1.91505075e-01
 -1.16299536e+00 -6.43346904e-01  9.57455653e-01 -1.56853950e+00
 -7.06654826e-01 -1.50027851e+00 -3.73151004e-01 -9.34780830e-01
 -3.19193941e-01  6.51593360e-01 -4.55619136e-01 -4.38782648e-01
 -3.11625689e-01  1.00432205e+00  1.54426861e+00 -9.92588930e-01
 -2.70156078e+00  2.18897503e+00 -1.50063126e+00  1.20939763e+00
  2.32913569e+00  4.97400924e-01  7.10293789e-01 -1.17714712e+00
 -1.42775783e+00  5.48509989e-01 -4.87386983e-01  4.76602285e-01
  3.66513117e-01 -1.58913977e-01  3.00120830e-01 -1.49426756e+00
  6.24863153e-02 -4.22297293e-02  7.01692566e-01  1.97615906e+00
  9.03200273e-01  1.34725219e-01  1.08180542e+00 -1.49471234e+00
  2.33854889e+00  1.99487662e+00  1.56810093e+00 -4.92793738e-01
 -5.61826930e-01  8.39514630e-01 -5.67430129e-01  1.48632033e+00
 -9.38342695e-01  9.88795500e-01 -5.61823838e-01 -8.64883433e-01
 -7.76441775e-01 -2.70524444e-01 -3.65115198e-02 -1.31066383e+00
 -2.03053100e+00  2.03892029e-01  6.41620883e-01 -1.86964983e-01
  4.34823596e-02  1.10920646e+00 -5.93613873e-02  1.34321070e+00
  1.12427471e+00  9.39350863e-01  1.73183673e+00  5.22702671e-01
 -6.00935930e-01 -2.98819450e-01 -5.18114338e-01 -3.41287988e-01
  1.15387707e-01 -3.92472533e-01 -1.45372889e+00 -7.22515893e-01
 -4.91808230e-01  1.82945952e+00 -8.36226396e-01 -4.08555645e-01
 -7.54989295e-02 -1.27529813e+00 -2.42595506e+00  1.40713366e+00
  1.79049517e-01]