[ 2.29506685e-03  7.52655638e-04 -6.10826685e-04 -9.46644970e-04
 -6.67755013e-04  5.98429064e-04  2.88342679e-04 -3.67919011e-05
  1.31964057e-04 -9.14694133e-04  8.00925414e-04 -7.21963439e-04
 -1.06689129e-03 -1.40606600e-03  2.76595372e-04 -4.86960717e-04
  8.15698101e-04 -1.89766339e-03 -1.45317367e-03 -6.01901984e-04
 -4.39338942e-04  3.11368780e-04 -1.73124528e-03  1.30949940e-06
 -4.89807008e-04 -9.91474732e-04  7.16585989e-04  3.34083456e-03
 -1.49062519e-03  8.79349971e-04  1.27812743e-03  1.18109082e-03
 -1.39578666e-03  1.68948653e-03  5.64752779e-05  1.12497884e-05
 -1.14297151e-03 -1.48992815e-03  8.75857313e-04  2.19081275e-03
 -1.14990401e-03  1.19361112e-03  7.05628678e-05  9.83221254e-04
 -1.16210086e-03  6.10164583e-05  6.98599912e-04  4.32601308e-04
 -1.06217630e-03  2.27550452e-03 -4.43051403e-04  9.13577327e-04
  7.54990895e-04 -9.84446008e-04 -1.55779400e-04 -8.58838450e-04
  1.35122948e-04 -4.90409565e-04 -5.05128916e-04 -1.91640841e-05
 -6.03184360e-07  1.22750295e-03 -1.02195486e-03  1.55381290e-04
  6.92043541e-04  1.10757763e-03 -9.12618666e-04 -2.32342438e-03
  1.21925365e-03  1.01528973e-03  9.81988977e-04  1.62232236e-03
 -2.42976497e-03 -5.53296808e-04 -2.80172062e-03  2.62268330e-04
 -8.00679014e-04  7.17785669e-04  4.03162208e-07  1.31408459e-03
  7.28675857e-04  1.24518351e-03  1.91987185e-04 -9.17686736e-04
  2.72112536e-04  1.34441079e-03 -2.68634992e-03 -1.35226155e-03
  1.28879583e-03  1.29195816e-04  8.96651344e-04 -6.59324047e-04
  3.87279646e-05  1.47875332e-04 -7.11583298e-04 -2.09196919e-05
 -5.07899392e-04 -6.88621767e-04 -1.49081498e-03  1.78086051e-04
  1.64058054e-03  2.53609130e-03  1.43222365e-04  8.08808879e-05
 -2.08761076e-03  1.36232460e-03  2.62516177e-03 -6.19468715e-04
  1.32010717e-04 -1.15579557e-04  6.58936020e-05  8.80957057e-04
  3.52017487e-04  3.27621638e-04  1.77348126e-03  4.70096806e-04
 -2.45547886e-03  7.21996122e-04  4.16855439e-05 -4.58705380e-04
 -5.64719401e-04 -3.79228737e-04 -3.84223173e-05 -2.86881987e-04
 -1.31908161e-03 -1.22524593e-03  1.48259913e-03 -1.07014514e-03
 -1.78561389e-03 -7.82966542e-04 -3.22293429e-04  5.12888940e-04
 -1.85444204e-04 -2.61734055e-04 -5.79014114e-04  1.75354650e-03
 -1.35485441e-03  7.56577414e-04 -4.52308429e-05 -1.71646931e-03
  1.08579445e-03 -2.43830364e-04  8.05434501e-04  4.18572512e-05
 -6.61802083e-04 -1.50935950e-03 -2.24838101e-04 -4.05936702e-04
  9.67224374e-04 -4.18158040e-04 -1.47831132e-04  6.38047966e-04
  5.77438860e-04  2.03269520e-04 -5.40485777e-04  1.67890754e-03
  6.50852987e-05  2.55299131e-04 -1.15836865e-04 -1.10209914e-03
 -1.28168487e-03 -8.50518475e-04 -1.08405641e-03  8.03771993e-04
 -8.22039754e-04 -6.31036852e-04 -5.31894356e-04  5.92788215e-05
 -1.27063512e-03 -1.15322241e-03  2.82455034e-04 -1.09371331e-03
  4.99740808e-04 -1.01955654e-03  2.26386773e-03  5.97419356e-04
 -1.00946188e-03  2.08128983e-03  1.91961149e-04 -9.77233166e-04
  2.84349307e-03 -3.64720830e-04  2.53927297e-03 -1.56253675e-03
 -5.04864231e-04 -1.23653741e-04 -1.00734853e-03  1.81606377e-04
  8.97651452e-04  2.92189342e-04 -1.46115203e-03 -8.86303191e-04
  5.36111849e-04  1.26616562e-03 -9.35691702e-04  1.04968877e-04
 -1.46863025e-04  1.14801144e-03  4.26245940e-04  6.46331067e-04
  3.62613401e-04 -3.15651072e-04 -1.28752530e-03  1.27069818e-03
  3.17021490e-04  3.90776304e-04  2.69336841e-04 -2.15201225e-04
 -1.08448111e-03 -1.47119684e-04  4.05892331e-04 -1.33024282e-03
 -1.11211509e-03  8.29668761e-04 -6.63080276e-04  1.01169214e-04
 -1.20731138e-03 -4.76829233e-05  4.28813756e-04 -1.64566326e-04
 -6.17094158e-04 -9.45905171e-04  1.05816185e-03 -4.93272123e-04
 -3.28694379e-04  1.61261912e-03 -1.19403634e-03 -1.71497455e-03
  4.16719568e-04  6.98604766e-04  2.43252345e-04  1.09338256e-04
 -1.81951939e-03  1.40395955e-03  4.37449480e-04  3.65628146e-04
  1.08212027e-03  2.10629566e-03  8.40925436e-05 -2.77623092e-04
 -1.94971551e-03  1.45779044e-03  4.45142534e-04  1.13511078e-03
  2.41899143e-05  1.86966454e-03  6.71535425e-05 -3.15298925e-04
  1.17098090e-03  3.40957870e-04  2.08450542e-03 -4.04302369e-04
 -4.89762003e-04 -3.78819641e-05  6.67783580e-04 -1.56248323e-03
  4.63576137e-04  3.80192064e-04  1.27715797e-03  3.63883497e-04
 -1.31403509e-03 -1.31533946e-03  2.66281380e-03  1.54865182e-03
 -8.21830259e-04  2.39126484e-04  1.64618547e-04  1.04732912e-03
 -1.09872409e-03  3.13061674e-04 -4.62611940e-04  9.58656689e-04
 -8.08546934e-04 -7.64800859e-05  8.70504910e-04  5.65066049e-04
  1.33899014e-03 -2.80147881e-04 -1.14882507e-03  9.56490038e-04
  6.47132928e-04 -6.39333377e-04  1.60763050e-03  1.11294364e-03
  4.17897941e-04  4.52385262e-05  1.20811447e-03  1.91852090e-03
  2.10042423e-03 -1.92325173e-03  1.92524216e-03 -1.39889358e-03
  3.55835687e-04  7.07796772e-05  1.31544178e-04 -1.94263591e-03
 -6.04575172e-06 -2.06982379e-04 -2.40134720e-03  1.72137248e-03
  5.54159807e-06]