[ 2.53046829e-03  4.49946936e-04 -3.11844445e-04 -8.46994900e-04
 -5.41856396e-04  7.96593767e-04  7.37270678e-04 -9.65941450e-04
  2.42473535e-04 -1.83050587e-03  5.17637924e-04 -4.01705090e-04
 -6.07359624e-04 -1.93641729e-03 -7.02154046e-04  8.01709810e-04
  8.59705996e-04 -1.30629333e-03 -2.60186026e-03 -9.99720951e-04
 -3.74219637e-04  3.15171028e-04 -2.61881739e-03  1.06319548e-03
 -8.52214950e-05 -6.37637158e-04  1.28645988e-03  3.82115580e-03
 -2.31227045e-03  1.37613641e-03  1.72846509e-03  1.54091045e-03
 -1.91039287e-03  1.44589080e-03 -4.26047511e-04 -1.26842155e-04
 -7.00735147e-04 -2.01545613e-03  8.71039109e-04  2.03785911e-03
 -1.35035285e-03  1.67140593e-03  5.91768475e-04  1.04910252e-03
 -2.54854631e-03  7.52868871e-05  1.52357668e-03  5.94352628e-04
 -1.29011265e-03  2.29640207e-03 -7.16653312e-04  1.23106830e-03
  5.07156733e-04 -1.31041316e-03 -4.50822464e-04 -1.03582211e-03
 -2.19162757e-04  1.18199356e-04 -7.42314421e-04 -3.87959474e-04
  2.69125169e-04  2.39554185e-03 -8.50123925e-04  1.54252292e-04
  1.43710590e-03  1.49143606e-03 -1.31990177e-03 -1.79538091e-03
  1.27097874e-03  1.10004860e-03  8.20315056e-04  1.61147294e-03
 -3.39507002e-03  1.23198274e-04 -2.83463091e-03  5.65543485e-04
 -9.10293206e-04  5.14254584e-04 -5.01948487e-04  1.95995691e-03
  1.10776733e-03  1.60847679e-03  3.29067390e-04 -4.28969699e-04
 -5.07110893e-04  1.38882981e-03 -3.28511414e-03 -1.45261289e-03
  1.66356344e-03  8.22561138e-04  6.97700507e-04 -9.43866804e-04
 -7.07153280e-04 -1.05772419e-05 -1.08421578e-03 -3.44822669e-04
 -4.41566667e-04 -8.75500176e-04 -2.34213194e-03  9.13762129e-04
  1.85030495e-03  2.80313467e-03 -1.17389114e-04  1.12678895e-03
 -1.92657278e-03  1.93977858e-03  3.26060602e-03 -1.39831668e-03
 -1.66988818e-04 -3.83278622e-04 -6.17721247e-05  1.18907468e-03
 -4.75261857e-04  6.38348000e-04  8.01367751e-04  1.06091228e-03
 -2.94090909e-03  8.73625818e-04 -4.33861047e-04 -3.88290500e-04
  1.17554113e-04 -4.22864390e-04  6.53019549e-05 -5.21174252e-04
 -2.30953184e-03 -1.53921285e-03  1.33042472e-03 -1.34396745e-03
 -2.93113006e-03 -1.48630884e-03 -2.47036304e-04  9.34211362e-04
 -9.08980046e-06  7.15639987e-04 -7.81480346e-04  2.00016488e-03
 -1.34608023e-03  1.15534551e-03 -5.85010235e-04 -1.86180979e-03
  1.90480355e-03 -5.77460407e-04  4.70194860e-04 -4.89317415e-04
 -5.78377183e-04 -1.79560595e-03  2.81364169e-04 -1.33063678e-03
  3.27124823e-04 -6.25081911e-04 -3.04178956e-04  9.28778571e-04
  1.13520543e-03 -1.38007913e-04 -6.23704028e-04  1.68353642e-03
 -5.38936899e-04  6.09229120e-04 -6.07015988e-04 -7.88651107e-04
 -1.16125764e-03  9.98850559e-05 -7.30306149e-04  7.83523037e-04
 -7.52975581e-04 -9.36752330e-04 -1.04879659e-03 -2.14907452e-04
 -4.72665125e-04 -9.40413943e-04 -3.35502423e-04 -1.23215922e-03
  1.98093368e-04 -1.78234767e-03  1.99635941e-03  1.37685132e-03
 -1.18872596e-03  2.19173892e-03 -2.19028859e-04 -5.68319761e-04
  2.69142096e-03 -2.28360996e-04  2.61018315e-03 -1.74288580e-03
 -6.53190204e-04  4.37311987e-04 -1.89717053e-03  3.61041373e-04
  9.35043759e-04  2.94320263e-04 -1.93416311e-03 -1.71715086e-03
  4.66898290e-04  9.25690794e-04 -1.31413858e-03  5.43012183e-04
 -2.90180690e-04  6.41378147e-04  9.83673727e-05  2.42320426e-04
 -3.13005927e-04 -4.71760465e-05 -3.97986586e-04  1.52210665e-03
  1.88229743e-03  1.50464692e-03 -3.56357278e-04 -4.69382529e-04
 -1.01757636e-03  4.08201706e-04  2.07422884e-04 -1.98103921e-03
 -2.00254174e-03 -2.01526799e-04 -1.34555071e-03 -2.63601994e-04
 -7.53119295e-04 -1.32158533e-03  5.62571866e-04  7.67192813e-05
 -7.36404231e-04 -8.35981720e-04  1.55981652e-03 -1.65616959e-03
  1.89956163e-04  1.08568766e-03 -1.12324242e-03 -1.52923388e-03
  6.77289683e-05  4.61684114e-04  1.32531126e-03  7.07694720e-04
 -2.17696905e-03  1.92167872e-03  1.63859831e-03 -4.32112131e-05
  1.23366143e-03  1.30124035e-03  2.91479006e-04 -3.59381182e-04
 -2.66802124e-03  1.58946178e-03 -4.80696942e-04  1.60076330e-03
 -3.18227414e-04  2.46129225e-03 -3.86304337e-04 -6.36227762e-04
  1.02566176e-03  4.75958681e-04  2.40724379e-03 -8.15454393e-04
 -6.24054142e-04  1.86961689e-04  2.99476519e-04 -1.53027441e-03
  4.08658295e-04 -7.60095598e-06  1.77268873e-03  3.37364756e-04
 -2.42755624e-03 -1.25060420e-03  3.30880208e-03  2.00842660e-03
  2.54119055e-06  7.08653728e-04  2.21649574e-04  1.58395292e-03
  1.05431129e-04 -1.25673592e-04 -9.73002747e-04  1.09721540e-03
 -1.04743259e-04  7.72167128e-05  1.52030108e-03  5.92234647e-04
  1.97876562e-03 -4.94519011e-04 -1.03211525e-03  2.51774069e-04
  1.23255810e-03 -2.98815129e-04  1.55624032e-03  9.13131136e-04
 -4.90809096e-04 -2.68379619e-04  2.41419643e-03  2.33630552e-03
  2.85291165e-03 -1.52806400e-03  1.57592439e-03 -2.12267890e-03
 -3.81257562e-05  6.01413508e-04  5.35784265e-04 -2.30156240e-03
 -1.79823762e-04 -5.39631220e-04 -2.11464899e-03  1.88169894e-03
 -5.62548161e-05]