[ 9.71410415e-03  8.11132111e-03 -1.08106735e-04  1.52402166e-03
 -7.52200627e-03  5.17992370e-06 -5.84204433e-03 -1.33404060e-03
 -4.00119667e-04 -5.64383729e-03 -4.85444913e-04 -5.09742758e-03
 -7.24851262e-03 -6.28773113e-03  4.96605893e-03 -4.31610602e-03
  2.61478542e-03 -6.47636934e-03 -6.88691671e-04 -9.39651459e-03
  1.77263701e-03 -3.32645507e-04 -5.97043322e-03 -6.13246858e-03
 -2.11849708e-03 -1.60107176e-03 -2.73621529e-03  8.98681209e-03
 -4.82794540e-03  5.53443990e-03  2.57781670e-03  5.18298468e-03
 -2.99299905e-03  3.57323106e-03  3.76053156e-03  1.53786864e-03
 -6.65838869e-03 -5.24592736e-03  5.50848638e-03  1.17904917e-02
 -1.25053630e-03  4.53732116e-03  1.66497574e-03  4.95759993e-03
 -2.33784926e-04  1.06936182e-03  7.03138842e-04  4.65778144e-03
 -2.02488003e-03  8.31433473e-03  2.84060542e-04  2.16275458e-03
  3.52073832e-03  1.99151029e-03 -1.27190133e-03  7.61136896e-04
  2.37999141e-03 -4.16498112e-03 -5.21119741e-03  3.93191919e-03
 -5.37287607e-03  3.42999398e-03 -7.91193099e-04  1.51893604e-03
 -2.41649861e-03 -2.06021094e-03 -6.33362567e-03 -4.64054080e-03
  3.44676566e-03  5.38902857e-03  1.48471088e-03  6.21964301e-03
 -1.00598477e-02 -4.28129275e-03 -9.73288935e-03 -1.61901939e-03
  5.23064825e-03  7.28643799e-04  2.33385411e-03  6.11958938e-03
  1.04462682e-02  6.76210984e-03  2.79992150e-03 -6.86462864e-03
  1.66751046e-03  6.81285011e-03 -7.51682690e-03 -1.97474394e-03
  8.09613059e-04  3.84622534e-03  3.40093823e-03 -2.28106169e-03
 -3.91054730e-03  7.46173352e-03 -1.65649395e-03 -1.46051842e-03
  4.57816037e-03 -4.06176527e-03 -2.82919175e-03 -4.60146951e-04
 -1.08174103e-03  1.17285711e-02  3.03158121e-03 -5.97766492e-03
 -4.77355519e-03  1.91773932e-03  1.11798855e-02 -3.88205111e-03
 -1.71090434e-03  1.28312796e-03 -5.54962514e-03  1.49308176e-03
  5.14800729e-03  1.89568677e-03  6.03329707e-03  1.12753972e-04
 -4.70737849e-03  4.90261701e-03  6.16546133e-03 -4.03154251e-03
  1.35937130e-03 -5.26355047e-04 -6.30489368e-04 -1.62705188e-03
 -5.82989122e-03 -2.02590689e-03  7.09723793e-04 -3.79698820e-03
 -8.33332910e-03 -1.88231447e-03 -4.31631322e-04  4.14346016e-03
 -1.39857065e-03  9.23864095e-05  3.15411838e-03  4.51123783e-03
 -5.63417034e-03  3.19105539e-03 -5.91965490e-03 -3.63871102e-03
  1.11385647e-02  5.40532117e-04  1.68403734e-03 -6.08444203e-03
 -3.93310053e-03 -4.06710137e-03  5.51429630e-03 -1.82860700e-03
  2.79660657e-03  1.28153909e-03 -4.00177119e-03  2.08894521e-03
  4.57025279e-03 -7.34520624e-04  3.33098200e-03  7.85557298e-03
  2.45018183e-03  4.31059558e-03  8.08868020e-03  1.84141944e-03
 -1.10044780e-02  1.14061955e-03 -8.10920081e-04  2.41331375e-03
 -2.46331390e-04  5.83245664e-03 -9.13407497e-04  3.35636151e-03
 -4.37979836e-03 -6.38463404e-03 -3.72099664e-03 -5.45965424e-04
  8.49742570e-04 -7.11237546e-03  6.27279926e-03  3.47267408e-03
 -8.34958388e-03  9.33149317e-03  2.03326734e-03 -3.32283377e-03
  1.20722488e-02  4.75424454e-04  6.62007766e-03 -9.16030821e-03
 -6.21891216e-03 -6.98872926e-03 -7.26736283e-04  2.13885320e-03
  6.08263924e-04 -6.51436041e-03 -2.83707655e-03 -5.02978413e-03
  4.19547558e-03  6.22476828e-03 -2.20247332e-03 -4.61627470e-04
  3.40780512e-03  1.08511884e-02  1.71497859e-03  6.66550891e-03
  3.89532031e-03 -7.14357817e-04 -2.48712979e-03  6.44024707e-03
 -2.00069355e-03  2.79095400e-03  5.08650312e-04 -5.59788838e-03
 -1.13301580e-03  1.34900026e-03 -3.33470596e-04 -8.35216377e-03
 -5.07034097e-03  7.15957845e-04 -2.72880512e-03 -1.76341362e-03
 -6.15934825e-03 -1.36916755e-03  2.86922795e-04 -3.78852547e-03
  2.03727076e-05 -9.48242746e-03  2.13403028e-03 -7.04646011e-03
 -3.77250646e-03  5.33155108e-03 -3.10812925e-03 -6.91774183e-03
 -6.43312254e-04  4.77362454e-03  2.96400935e-03 -2.15167779e-03
 -8.48145887e-03  8.51499473e-03 -3.05741895e-03  8.13306531e-05
  9.48312551e-03  7.86174606e-03  4.19467835e-03 -2.78065605e-04
 -8.74502069e-03  4.41780022e-03 -1.89352925e-03  6.53263931e-03
 -7.79015322e-04  2.06677282e-03  2.70228380e-03 -3.70087136e-03
  4.16552090e-03  1.04577379e-03  6.29713322e-03  1.66802774e-03
  2.26543184e-03 -1.78565857e-03  1.75856291e-03 -7.59080715e-03
  8.26995620e-03  8.96747944e-03  9.66170030e-03 -1.43817289e-03
 -6.07790518e-03 -5.61196863e-03  8.23782510e-03  5.30116084e-03
 -6.22128715e-03  7.50033317e-05 -3.06222950e-03 -1.34814226e-03
 -4.18637234e-03  1.61146655e-03  8.53473184e-04 -5.93565790e-04
 -4.65029148e-03 -6.89840518e-04  5.13268848e-03  1.05925866e-03
  2.00619678e-03  3.68534100e-03 -6.75673407e-03  4.28881525e-03
  2.12919449e-03 -4.66023397e-04  7.62351001e-03  3.28317890e-03
 -1.24603565e-03 -9.89646618e-04  1.76864726e-03  1.69916159e-03
  1.09920228e-02 -6.30681124e-03  7.49699210e-05 -5.25837124e-03
  8.74905797e-03  7.37251227e-03  3.34060568e-04 -3.48845442e-03
 -1.32925831e-03 -3.85216235e-03 -1.09715465e-02  4.21299253e-03
  1.18159943e-04]