[ 4.54925618e+01  3.12445190e+01 -5.59241600e-01 -5.95881733e+00
 -4.71692689e+01 -1.30919407e+01 -4.03968840e+01 -1.87793650e+01
 -3.43952307e+01 -4.98109346e+01  3.83205254e+01 -5.59115105e+01
 -4.27819869e+01 -9.05589425e+01  3.48911827e+01 -2.16026077e+01
 -7.41573432e+00 -7.67784984e+00 -4.37677894e+01  1.09936258e+01
  3.21476370e+00  1.33390988e+01 -4.46911616e+01 -5.45747248e+01
 -6.07731274e+01  4.07964782e+01 -2.32821051e+01  6.15742577e+01
 -1.02075976e+02  4.14104442e+01 -4.59692705e+01 -1.35380160e+01
  2.85531447e+01  1.35848511e+01  4.02540802e+00 -4.56412123e+01
 -1.80362168e+01 -2.47417436e+01  2.29132752e+01  5.16125201e+01
 -7.75755181e+00  1.26813112e+00  5.17753413e+01  3.90994630e+01
 -1.48613350e+01 -1.44225367e+00 -1.84211245e+00  4.86312298e+00
 -3.08976074e+01  4.00631498e+01  2.67103005e+01  3.08553972e+01
  1.04157088e+01 -1.30087719e+01  8.86704415e+00  3.06811848e+01
  3.87868225e+01  5.39488855e+00 -2.12303666e+01 -3.97472773e+01
 -5.60036273e+01 -3.06585201e+01 -9.15769187e+00  3.25723331e+00
 -9.21746116e+01  4.09493376e+00 -4.87707972e+01 -5.71145776e+01
  6.68686519e+01  6.78543628e+01  1.08049378e+00  5.75211554e+01
 -6.60090206e+01 -3.67082915e+01 -8.94364793e+01 -2.29921853e+01
 -1.67690120e+01 -1.94373206e+01  7.71597888e+00 -2.76282708e+01
  1.35872353e+01  6.37355359e+01 -1.47088067e+01 -1.18595219e+02
  3.17288644e+01  3.73650005e+01 -1.73595642e+01  6.93572207e+01
  2.31141342e+00  3.92588147e+01  2.13659606e+01 -4.31395592e+01
  3.96622989e+01  1.48444932e+01 -1.01588610e+01 -4.83085238e+01
  3.96445001e+01 -1.14309907e+01 -2.93276881e+00 -3.53024270e+01
 -1.82699810e+01  5.97038781e+01  2.92530463e+00 -1.26527670e+01
 -2.46759594e+00 -5.70243890e-01  2.96694927e+01  1.84607861e+01
  5.10755549e+01  1.26024959e+01 -3.76340996e+01 -4.60813112e+00
  8.14004217e+01 -4.03206572e+01  3.21864332e+01  1.74671996e+00
 -2.12120645e+01  2.04352050e+00 -2.08754358e+01  9.72691079e+00
 -2.98876163e+01 -9.69197027e+00 -2.75112526e+01  3.47163301e+01
 -1.16441077e+01 -1.83599954e+01 -3.73130512e+00 -5.71079279e+01
 -2.21975195e+00 -4.77725764e+01 -4.80094971e+01  5.39326196e+01
 -5.73726765e-01  3.47959526e+01  1.89345901e+01  5.16720056e-01
 -3.26970376e+01 -1.22914382e+01  2.52068878e+00 -2.27017452e+01
  3.60562979e+01  2.35441523e+01  1.30731615e+00  1.32682958e+01
 -4.25205837e+01 -4.38408169e+01  1.45917677e+01 -3.36073839e-02
 -3.34141687e+01 -1.06128216e+01 -1.03042368e+01  3.89694505e+01
 -2.73192167e+01 -1.37425585e+01  1.24291921e+01  3.20428590e+01
  1.70758005e+01  3.88974864e+01  1.81840659e+01 -1.09962938e+01
 -4.87186390e+01  1.31682498e+01  3.03783456e+01  8.09435461e+01
  4.43885835e+01  7.80255783e-01  2.18861631e+00 -2.63827243e+01
 -1.95609462e+01 -2.33128363e+01  2.29771027e+01 -3.50951105e+01
  5.81988284e+01 -3.60783624e+01  1.30095490e+01  3.20266662e+01
  1.22973711e+01 -3.01720865e+01 -1.07664074e+01 -1.11822368e+00
  2.48611150e+01 -4.01550199e+01 -2.30703177e+01  1.88187278e+00
 -6.02063194e+01 -4.54702825e+01  5.05147814e+01 -9.64733407e+00
 -3.23048424e+01  1.63035510e+01 -4.49012986e+01 -7.79625725e+00
  2.69507733e+01  1.78895787e+01 -8.84579051e+01 -9.17247011e-01
  1.42378138e+01 -2.54233673e+01  5.17584311e+01 -1.22630281e+01
  2.69704377e+01 -3.60179216e+01  4.10714609e+01 -2.46907021e+01
 -8.72989460e+00 -1.50224269e+01 -1.07666529e+01  6.20212814e+00
  3.53567774e+01 -4.26854795e+01  4.75086454e+01 -2.10983406e+01
 -2.60553711e+01  4.68018618e+00 -2.09533686e+01 -2.26400752e+01
 -2.75063480e+01 -1.39079116e+01  6.25241232e+00  3.61572407e+01
 -1.46211377e+01 -4.30906621e+01  2.25754792e+01 -1.96204998e+01
  1.88279267e+01 -1.36036633e+00  2.59576667e+01 -4.22771998e+01
  6.70619683e+01  1.37065694e+01 -5.01733919e+01 -6.43039497e+00
 -5.16763288e+01 -7.66201199e+00 -3.52964284e+01 -9.95853976e+00
  2.43999154e+01  6.64331333e+01  2.14458262e+01 -1.76611800e+01
  2.19670522e+01  5.58394296e+01  3.82781238e+01  9.51684555e+01
  1.74080498e+01  2.51620918e+01  1.60977447e+01  1.36130012e+01
 -1.75406723e+00  3.32545972e+01  8.37797628e+01  1.58491939e+01
 -6.22549851e+01  2.52771091e+01 -1.72311058e+01 -4.21474491e+01
  4.97379635e+01  1.02016740e+02  3.77246457e+01 -4.45675993e+00
 -8.44456907e+00  4.87140345e+00  1.88854220e+01  5.11310852e+01
 -2.06201713e+01 -1.65946328e+01  1.54121173e+01  3.25419159e+01
 -8.21083744e+01  8.51878865e+00 -3.40750350e+01  4.90297793e+00
  9.06954694e+00  3.98620397e+01  3.68085648e+01  2.53344315e+01
  1.36917843e+01  3.03600058e+01 -5.81989930e+01  5.55551708e+01
  4.06134356e+00 -2.24127875e+01  3.93630210e+01 -5.50965612e+00
  2.25592708e+01 -1.66676962e+01  5.63115786e+01  2.30169491e+01
  4.38287278e+01 -8.14798287e+00  1.90795454e+00 -3.78569609e+00
  4.82922881e+01 -1.94380949e+01  3.34938686e-01 -2.75441634e+01
  8.28042879e+01  4.00651277e+01 -7.19243822e+01  2.40663572e+00
  1.23899506e+01]